v 0.946 24.615 103.92
v 6.192 17.965 84.867
v 5.192 28.759 97.255
v -34.883 -26.484 46.799
v 18.58 -12.635 66.735
v -47.534 -4.062 46.042
v 8.024 21.583 102.265
v 5.358 12.935 86.732
v -44.655 -34.79 62.367
v -35.99 -35.82 54.29
v 29.051 10.002 55.477
v -13.875 -32.596 20.388
v -31.597 -30.583 27.414
v 2.479 14.689 51.048
v 15.988 14.741 41.448
v -22.798 -22.158 11.372
v 13.434 9.723 55.213
v -22.834 -26.727 6.912
v -31.849 -25.3685 0.342
v -28.138 -30.9908 0.342
v -20.11 -12.676 1.704
v 6.347 24.473 35.208
v -24.7552 -16.0439 0.342
v 26.505 17.049 34.24
v 38.071 7.61 43.033
v 27.643 11.32 45.32
v -22.9959 -13.2497 0.342
v -31.986 -9.37 3.346
v -31.3685 -11.8242 0.342
v -23.752 -8.713 5.338
v 44.006 5.087 32.929
v 11.062 24.947 24.125
v 19.789 19.609 20.853
v -12.324 -31.832 8.74
v -15.945 -30.5903 0.342
v -19.3529 -28.8956 0.342
v 33.764 13.851 26.181
v 32.921 12.025 13.529
v 8.203 18.089 8.275
v 25.2964 10.9386 0.342
v 26.268 10.683 5.692
v 16.3832 12.5838 0.342
v -10.6266 -37.7799 0.342
v -7.9842 -38.4744 0.342
v -45.791 -21.12 32.74
v -46.253 -0.702 27.758
v -40.28 -22.868 22.618
v -34.5574 -3.0246 0.342
v -33.2718 -2.0667 0.342
v -37.307 -16.972 15.321
v -37.725 -0.378 16.471
v 1.691 15.207 6.562
v -16.194 -19.407 56.92
v -3.01 -22.095 56.076
v -13.29 -5.56 62.993
v 25.3495 2.9076 0.342
v 34.106 -30.962 8.576
v 38.2152 -26.9013 0.342
v 41.676 -27.68 42.999
v 45.97 -4.101 46.602
v 33.598 -7.959 60.959
v 35.221 -0.2 4.465
v 37.585 -21.67 56.019
v 24.964 -35.704 13.198
v 16.4976 -35.131 0.342
v 16.579 -35.568 1.795
v 32.5346 -28.9226 0.342
v 32.256 -30.267 51.675
v 24.981 -37.286 41.835
v 25.088 -31.006 6.091
v 20.624 -0.376 63.719
v 19.6508 -32.8984 0.342
v 17.709 -25.177 63.524
v 12.542 -43.312 21.945
v 32.714 -36.003 28.869
v 12.38 -32.976 55.838
v -19.563 27.069 93.003
v 1.009 -43.191 18.6
v -26.902 32.431 85.569
v -34.634 31.171 94.966
v -0.935 -0.513 60.188
v -34.417 21.756 85.956
v -1.269 18.718 86.036
v -32.326 18.739 91.822
v -37.268 9.495 74.314
v -17.711 -29.516 43.798
v -7.555 0.574 88.273
v -31.865 -32.3 36.14
v -20.492 3.113 91.611
v -39.488 6.704 79.391
v -2.447 -41.662 33.355
v -6.622 -33.501 39.381
v -23.785 6.541 82.13
v -52.893 -28.246 55.707
v -36.944 -29.252 74.557
v -44.289 -18.792 79.892
v -50.19 -26.376 68.749
v -52.729 -9.749 51.602
v -54.061 -8.914 59.208
v -24.58 18.315 40.056
v -0.945 16.822 36.026
v -18.849 8.811 59.996
v -12.798 13.711 53.921
v -26.841 17.732 74.024
v -20.514 5.409 71.422
v -25.367 8.443 70.417
v -25.367 12.468 80.657
v -50.683 -11.099 37.928
v -47.188 4.746 54.224
v -38.364 12.571 36.388
v -35.634 9.252 50.123
v -49.684 -26.283 49.043
v -45.467 -19.225 46.659
v -1.607 24.542 24.053
v -28.058 14.832 23.931
v -32.736 10.574 69.435
v -32.754 1.407 81.786
v -9.121 12.859 22.971
v -16.704 15.618 0.344
v 1.281 -36.629 6.876
v -16.7065 15.6112 0.342
v -4.3398 16.1364 0.342
v -16.699 15.6186 0.342
v 29.5438 -1.2575 0.342
v 11.0178 -34.9666 0.342
v -23.895 40.87 82.202
v -21.791 42.099 99.15
v -11.862 43.312 88.6
v -13.952 39.119 104
v -23.932 2.394 13.056
v -19.778 4.24 6.329
v -25.573 34.474 75.615
v -28.291 35.182 101.698
v -10.686 36.745 85.107
v -8.931 34.444 95.713
v -0.629 9.881 103.179
v -20.7091 3.772 0.342
v -32.9175 0.3574 0.342
v -6.81 18.512 98.425
v -0.13 28.716 95.099
v -28.671 -27.802 56.491
v -23.12 -4.915 84.339
v -26.541 -21.287 80.025
v 19.036 -41.851 33.458
v -24.856 -18.885 71.746
v 9.327 -42.189 37.704
v -19.774 -5.773 81.196
v -16.987 -1.374 73.052
v -34.377 -9.925 85.226
v -51.765 -7.794 77.866
v -49.513 -3.176 69.648
v 52.825 -11.643 23.171
v 43.932 -4.318 16.512
v 51.84 -24.334 17.185
v 46.989 -22.133 31.522
v 45.064 -22.346 21.844
v 47.272 -11.177 23.273
v 54.061 -12.694 14.76
v 45.5426 -19.825 0.342
v 37.9462 -4.1041 0.342
v 49.806 -4.973 13.245
v 46.1641 -17.6413 0.342
v 40.9555 -6.9061 0.342
v 42.3561 -6.9346 0.342
v 43.0256 -8.5095 0.342
v 39.643 -27.0743 0.342
v 36.1992 -28.6398 0.342

f 3 2 140
f 3 7 2
f 3 1 7
f 136 7 1
f 3 140 1
f 2 7 8
f 12 88 13
f 26 14 17
f 18 19 20
f 26 17 11
f 19 18 23
f 21 23 18
f 22 101 15
f 25 24 26
f 27 23 21
f 20 36 18
f 20 19 23
f 20 23 36
f 29 27 28
f 21 28 27
f 28 21 30
f 11 25 26
f 11 60 25
f 16 30 21
f 26 24 15
f 14 26 15
f 27 29 137
f 15 24 22
f 16 21 18
f 37 25 31
f 12 13 16
f 34 12 16
f 35 43 34
f 34 18 36
f 34 36 35
f 16 18 34
f 23 27 36
f 27 56 36
f 37 33 22
f 33 32 22
f 24 37 22
f 49 137 29
f 39 33 41
f 78 12 34
f 40 42 41
f 43 44 34
f 120 34 44
f 35 56 43
f 36 56 35
f 38 41 33
f 48 29 28
f 32 33 114
f 48 28 49
f 30 49 28
f 48 49 29
f 114 33 39
f 50 47 46
f 39 52 114
f 114 22 32
f 88 45 47
f 47 13 88
f 51 50 46
f 50 16 47
f 33 37 38
f 24 25 37
f 16 13 47
f 39 41 52
f 56 42 40
f 122 123 52
f 124 56 62
f 41 56 40
f 42 52 41
f 42 122 52
f 122 42 137
f 27 137 42
f 56 27 42
f 62 41 38
f 41 62 56
f 70 67 57
f 61 63 60
f 31 25 60
f 64 70 57
f 59 63 68
f 58 167 124
f 67 124 167
f 59 60 63
f 59 155 60
f 167 57 67
f 68 69 59
f 65 72 66
f 70 66 72
f 61 71 5
f 61 11 71
f 72 67 70
f 72 124 67
f 160 163 58
f 64 66 70
f 74 75 144
f 68 73 76
f 60 11 61
f 73 5 54
f 77 135 129
f 55 54 81
f 71 17 81
f 80 79 82
f 5 81 54
f 84 80 82
f 53 54 55
f 86 53 4
f 53 86 54
f 45 88 4
f 88 86 4
f 86 88 12
f 92 86 12
f 54 86 92
f 90 84 82
f 82 85 90
f 90 117 84
f 92 12 91
f 12 78 91
f 89 139 93
f 98 112 94
f 95 9 10
f 8 7 87
f 99 98 97
f 14 101 100
f 14 15 101
f 105 106 93
f 94 97 98
f 83 105 93
f 81 14 102
f 148 8 87
f 6 98 109
f 103 14 100
f 103 102 14
f 14 81 17
f 97 94 9
f 112 10 9
f 111 102 100
f 103 100 102
f 85 82 79
f 105 55 102
f 126 85 79
f 102 55 81
f 105 83 2
f 108 45 113
f 99 109 98
f 110 111 100
f 108 47 45
f 46 47 108
f 93 106 107
f 9 94 112
f 104 107 106
f 98 113 112
f 111 85 116
f 116 102 111
f 132 116 85
f 108 6 46
f 111 109 85
f 106 105 102
f 6 110 46
f 111 110 6
f 105 2 148
f 109 111 6
f 2 8 148
f 113 98 6
f 6 108 113
f 4 112 113
f 100 115 110
f 132 104 116
f 116 106 102
f 10 112 4
f 118 115 100
f 45 4 113
f 106 116 104
f 75 74 64
f 114 52 118
f 57 75 64
f 77 117 107
f 114 101 22
f 77 84 117
f 101 114 118
f 89 93 117
f 107 117 93
f 120 78 34
f 119 131 52
f 137 131 121
f 119 52 123
f 59 69 75
f 123 121 119
f 69 144 75
f 78 66 74
f 100 101 118
f 74 66 64
f 78 120 66
f 120 44 125
f 43 56 44
f 115 51 110
f 66 120 125
f 66 125 65
f 124 125 56
f 65 124 72
f 65 125 124
f 44 56 125
f 126 127 128
f 46 110 51
f 127 129 128
f 126 132 85
f 52 131 130
f 127 133 129
f 130 115 118
f 132 126 128
f 129 135 128
f 51 115 130
f 130 50 51
f 127 126 79
f 52 130 118
f 135 134 128
f 130 131 30
f 130 30 16
f 16 50 130
f 134 104 132
f 132 128 134
f 137 138 131
f 129 133 77
f 138 49 131
f 131 49 30
f 137 49 138
f 136 139 89
f 1 139 136
f 139 140 83
f 119 121 131
f 139 1 140
f 93 139 83
f 123 122 121
f 87 7 136
f 80 133 127
f 137 121 122
f 83 140 2
f 145 141 53
f 104 134 107
f 134 135 107
f 145 10 141
f 127 79 80
f 107 135 77
f 133 80 84
f 10 4 141
f 77 133 84
f 141 4 53
f 54 76 73
f 147 143 145
f 91 78 146
f 71 81 5
f 53 147 145
f 143 95 145
f 92 91 76
f 10 145 95
f 92 76 54
f 68 76 146
f 147 87 142
f 76 91 146
f 136 142 87
f 146 69 68
f 148 55 105
f 146 74 144
f 142 89 117
f 136 89 142
f 87 147 148
f 147 53 148
f 148 53 55
f 73 63 5
f 117 149 142
f 63 61 5
f 96 149 150
f 73 68 63
f 151 97 150
f 97 96 150
f 146 78 74
f 97 151 99
f 11 17 71
f 95 143 96
f 144 69 146
f 96 97 95
f 85 109 151
f 90 151 150
f 109 99 151
f 153 152 161
f 97 9 95
f 85 151 90
f 150 149 117
f 147 142 149
f 149 143 147
f 96 143 149
f 90 150 117
f 59 75 155
f 57 155 75
f 156 57 58
f 58 166 156
f 155 57 156
f 156 154 152
f 155 157 60
f 152 153 157
f 157 31 60
f 155 156 157
f 157 156 152
f 157 153 31
f 153 38 37
f 153 37 31
f 152 154 158
f 124 62 160
f 161 152 158
f 159 162 154
f 158 154 162
f 62 153 160
f 163 160 153
f 163 165 58
f 165 159 58
f 163 153 164
f 161 164 153
f 164 161 165
f 158 165 161
f 158 162 165
f 166 58 159
f 164 165 163
f 162 159 165
f 153 62 38
f 154 166 159
f 57 167 58
f 154 156 166
f 124 160 58
# 330 faces