# Object Export From Tinkercad Server 2015

mtllib obj.mtl

o obj_0
v 5 		8.66 		2.5
v 4.905 		8.495 		3.457
v 1.484 		5.537 		4.268
v 0 		10 		2.5
v -2.588 		9.659 		2.5
v -2.539 		9.475 		3.457
v 2.866 		4.964 		4.268
v 3.272 		5.667 		4.81
v -2.866 		-4.964 		0.732
v 9.659 		-2.588 		2.5
v 9.475 		-2.539 		3.457
v -3.272 		-5.667 		0.19
v 9.81 		0 		3.457
v 0 		9.81 		3.457
v 10 		0 		2.5
v 8.952 		-2.399 		4.268
v 9.268 		0 		4.268
v -6.553 		6.553 		0.732
v -2.399 		8.952 		4.268
v 0 		9.268 		4.268
v -4.228 		7.324 		0.19
v -4.634 		8.026 		0.732
v -6.937 		6.937 		1.543
v 0 		8.457 		4.81
v 8.457 		0 		4.81
v 0 		5.19 		3.457
v 1.343 		5.013 		3.457
v 2.595 		4.495 		3.457
v 0 		8.457 		0.19
v 4.905 		8.495 		1.543
v 0 		5 		2.5
v -2.399 		8.952 		0.732
v 0 		9.268 		0.732
v -4.627 		4.627 		0.19
v 1.294 		4.83 		2.5
v -2.539 		9.475 		1.543
v 2.5 		4.33 		2.5
v 2.539 		9.475 		3.457
v 0 		9.81 		1.543
v 2.588 		9.659 		2.5
v -5.303 		5.303 		0
v 8.457 		0 		0.19
v 2.399 		8.952 		4.268
v 8.952 		-2.399 		0.732
v -5 		8.66 		2.5
v -4.905 		8.495 		3.457
v -5.98 		5.98 		0.19
v 0 		6.543 		0.19
v 1.694 		6.32 		0.19
v 9.268 		0 		0.732
v 0 		7.5 		0
v 9.475 		-2.539 		1.543
v 1.941 		7.244 		0
v 3.75 		6.495 		0
v 9.81 		0 		1.543
v 2.189 		8.169 		0.19
v -4.905 		8.495 		1.543
v 0 		5.19 		1.543
v 1.343 		5.013 		1.543
v 0 		5.732 		0.732
v 2.595 		4.495 		1.543
v 8.66 		-5 		2.5
v 8.495 		-4.905 		3.457
v -2.189 		8.169 		4.81
v 1.484 		5.537 		0.732
v -1.941 		7.244 		5
v 0 		7.5 		5
v 2.399 		8.952 		0.732
v -3.75 		6.495 		5
v 8.495 		-4.905 		1.543
v 2.866 		4.964 		0.732
v 2.539 		9.475 		1.543
v 3.272 		5.667 		0.19
v 8.169 		-2.189 		4.81
v -3.272 		5.667 		4.81
v -1.694 		6.32 		4.81
v 6.495 		-3.75 		5
v 7.244 		-1.941 		5
v 8.169 		2.189 		4.81
v 8.66 		5 		2.5
v 8.495 		4.905 		3.457
v 0 		6.543 		4.81
v 7.5 		0 		5
v 7.244 		1.941 		5
v -2.866 		4.964 		4.268
v -1.484 		5.537 		4.268
v 6.495 		3.75 		5
v 6.543 		0 		4.81
v 6.32 		-1.694 		4.81
v 0 		5.732 		4.268
v 5.667 		-3.272 		4.81
v 8.495 		4.905 		1.543
v 5.667 		3.272 		4.81
v -2.595 		4.495 		3.457
v 6.32 		1.694 		4.81
v -1.343 		5.013 		3.457
v 9.659 		2.588 		2.5
v 9.475 		2.539 		3.457
v 5.732 		0 		4.268
v 5.537 		-1.484 		4.268
v -2.5 		4.33 		2.5
v 4.964 		-2.866 		4.268
v -1.294 		4.83 		2.5
v 4.964 		2.866 		4.268
v 8.952 		2.399 		4.268
v 5.537 		1.484 		4.268
v -1.694 		6.32 		0.19
v 5.19 		0 		3.457
v 8.952 		2.399 		0.732
v 5.013 		-1.343 		3.457
v 4.495 		-2.595 		3.457
v 4.495 		2.595 		3.457
v 5 		0 		2.5
v -3.75 		6.495 		0
v 5.013 		1.343 		3.457
v 9.475 		2.539 		1.543
v -1.941 		7.244 		0
v 4.83 		-1.294 		2.5
v 4.33 		-2.5 		2.5
v 4.33 		2.5 		2.5
v 4.83 		1.294 		2.5
v 6.937 		-6.937 		3.457
v 7.071 		-7.071 		2.5
v 8.026 		4.634 		4.268
v -2.189 		8.169 		0.19
v 6.553 		6.553 		4.268
v 4.634 		8.026 		4.268
v 4.495 		2.595 		1.543
v -2.595 		4.495 		1.543
v 0 		-6.543 		0.19
v 7.324 		4.228 		4.81
v -1.694 		-6.32 		0.19
v 4.964 		2.866 		0.732
v -1.343 		5.013 		1.543
v 5.98 		5.98 		4.81
v -2.866 		4.964 		0.732
v 4.228 		7.324 		4.81
v 0 		-7.5 		0
v -1.941 		-7.244 		0
v 5.667 		3.272 		0.19
v 4.627 		-4.627 		0.19
v 5.303 		5.303 		5
v -1.484 		5.537 		0.732
v 5.303 		-5.303 		0
v 6.495 		3.75 		0
v 5.98 		-5.98 		0.19
v 5.19 		0 		1.543
v 5.013 		-1.343 		1.543
v -3.272 		5.667 		0.19
v 5.732 		0 		0.732
v 7.324 		-4.228 		0.19
v -7.324 		4.228 		0.19
v 8.026 		-4.634 		0.732
v -8.026 		4.634 		0.732
v 5.537 		-1.484 		0.732
v -4.634 		8.026 		4.268
v -3.75 		-6.495 		0
v 6.543 		0 		0.19
v 6.32 		-1.694 		0.19
v -6.553 		6.553 		4.268
v 8.169 		2.189 		0.19
v -8.026 		4.634 		4.268
v 7.5 		0 		0
v 7.244 		-1.941 		0
v -4.053 		4.053 		4.268
v -4.228 		7.324 		4.81
v -3.67 		3.67 		3.457
v -5.98 		5.98 		4.81
v 4.495 		-2.595 		1.543
v 5.013 		1.343 		1.543
v -7.324 		4.228 		4.81
v -3.536 		3.536 		2.5
v 4.964 		-2.866 		0.732
v 5.537 		1.484 		0.732
v -3.67 		3.67 		1.543
v -5.303 		5.303 		5
v 5.667 		-3.272 		0.19
v 6.32 		1.694 		0.19
v -4.053 		4.053 		0.732
v 7.244 		1.941 		0
v 6.495 		-3.75 		0
v -8.169 		2.189 		4.81
v 8.169 		-2.189 		0.19
v -4.627 		4.627 		4.81
v -6.495 		3.75 		5
v 4.053 		4.053 		4.268
v -7.244 		1.941 		5
v -6.937 		6.937 		3.457
v 3.67 		3.67 		3.457
v 4.053 		-4.053 		4.268
v 4.627 		4.627 		4.81
v 3.536 		3.536 		2.5
v 3.67 		-3.67 		3.457
v 3.67 		3.67 		1.543
v 3.536 		-3.536 		2.5
v 6.937 		6.937 		3.457
v 7.071 		7.071 		2.5
v 3.67 		-3.67 		1.543
v 4.053 		4.053 		0.732
v 4.053 		-4.053 		0.732
v 4.634 		-8.026 		4.268
v 4.228 		7.324 		0.19
v 6.553 		-6.553 		4.268
v 6.553 		6.553 		0.732
v -4.053 		-4.053 		4.268
v 8.026 		-4.634 		4.268
v -3.67 		-3.67 		3.457
v 4.228 		-7.324 		0.19
v -3.536 		-3.536 		2.5
v 4.228 		-7.324 		4.81
v 5.98 		-5.98 		4.81
v 4.634 		-8.026 		0.732
v -3.67 		-3.67 		1.543
v 6.553 		-6.553 		0.732
v 7.324 		-4.228 		4.81
v -4.053 		-4.053 		0.732
v 6.937 		-6.937 		1.543
v 5.303 		-5.303 		5
v -8.169 		-2.189 		4.81
v -7.244 		-1.941 		5
v 2.189 		-8.169 		4.81
v -7.5 		0 		5
v -6.495 		-3.75 		5
v 4.634 		8.026 		0.732
v -2.189 		-8.169 		0.19
v 6.937 		6.937 		1.543
v -6.543 		0 		4.81
v -6.32 		1.694 		4.81
v -5.667 		-3.272 		4.81
v -5.667 		3.272 		4.81
v -6.32 		-1.694 		4.81
v -7.071 		7.071 		2.5
v 1.941 		-7.244 		5
v 4.627 		4.627 		0.19
v 0 		-7.5 		5
v 3.75 		-6.495 		5
v -5.732 		0 		4.268
v -5.537 		1.484 		4.268
v 5.303 		5.303 		0
v -4.964 		2.866 		4.268
v -8.026 		-4.634 		4.268
v 7.324 		4.228 		0.19
v -6.553 		-6.553 		4.268
v 3.272 		-5.667 		4.81
v -4.634 		-8.026 		4.268
v 4.627 		-4.627 		4.81
v 1.694 		-6.32 		4.81
v -4.964 		-2.866 		4.268
v -5.537 		-1.484 		4.268
v -7.324 		-4.228 		4.81
v 0 		-6.543 		4.81
v -5.98 		-5.98 		4.81
v 2.866 		-4.964 		4.268
v -4.228 		-7.324 		4.81
v 1.484 		-5.537 		4.268
v 5.98 		5.98 		0.19
v 0 		-5.732 		4.268
v -5.19 		0 		3.457
v -5.013 		1.343 		3.457
v -4.495 		2.595 		3.457
v 8.026 		4.634 		0.732
v 2.595 		-4.495 		3.457
v -5 		0 		2.5
v 1.343 		-5.013 		3.457
v -4.83 		1.294 		2.5
v 0 		-5.19 		3.457
v -5.303 		-5.303 		5
v -4.33 		2.5 		2.5
v 2.5 		-4.33 		2.5
v 1.294 		-4.83 		2.5
v 2.189 		8.169 		4.81
v -4.495 		2.595 		1.543
v 0 		-5 		2.5
v 3.75 		6.495 		5
v 1.941 		7.244 		5
v 2.595 		-4.495 		1.543
v -4.964 		2.866 		0.732
v 1.343 		-5.013 		1.543
v 2.866 		-4.964 		0.732
v -5.667 		3.272 		0.19
v -4.627 		-4.627 		4.81
v 0 		-5.19 		1.543
v -6.495 		3.75 		0
v 1.694 		6.32 		4.81
v -6.937 		-6.937 		3.457
v 1.484 		-5.537 		0.732
v -8.169 		2.189 		0.19
v -7.071 		-7.071 		2.5
v 0 		-5.732 		0.732
v 3.272 		-5.667 		0.19
v -5.19 		0 		1.543
v -5.013 		1.343 		1.543
v -5.732 		0 		0.732
v -4.627 		-4.627 		0.19
v 1.694 		-6.32 		0.19
v -4.495 		-2.595 		3.457
v -5.537 		1.484 		0.732
v -5.013 		-1.343 		3.457
v -5.303 		-5.303 		0
v -6.543 		0 		0.19
v -6.32 		1.694 		0.19
v 3.75 		-6.495 		0
v -7.324 		-4.228 		0.19
v 1.941 		-7.244 		0
v -4.33 		-2.5 		2.5
v -4.83 		-1.294 		2.5
v -5.98 		-5.98 		0.19
v -7.5 		0 		0
v -7.244 		1.941 		0
v 2.189 		-8.169 		0.19
v -8.026 		-4.634 		0.732
v -8.66 		5 		2.5
v -8.495 		4.905 		3.457
v -5.013 		-1.343 		1.543
v 5 		-8.66 		2.5
v 4.905 		-8.495 		3.457
v -8.495 		4.905 		1.543
v -4.228 		-7.324 		0.19
v 4.905 		-8.495 		1.543
v 0 		-10 		2.5
v 2.588 		-9.659 		2.5
v 2.539 		-9.475 		3.457
v 0 		-9.81 		3.457
v -9.475 		2.539 		3.457
v -6.553 		-6.553 		0.732
v -9.659 		2.588 		2.5
v -9.81 		0 		3.457
v 2.399 		-8.952 		4.268
v 0 		-9.268 		4.268
v -10 		0 		2.5
v -4.634 		-8.026 		0.732
v -8.952 		2.399 		4.268
v -9.268 		0 		4.268
v 0 		-8.457 		4.81
v -8.457 		0 		4.81
v -6.937 		-6.937 		1.543
v -8.457 		0 		0.19
v 0 		-8.457 		0.19
v -8.952 		2.399 		0.732
v 2.399 		-8.952 		0.732
v 0 		-9.268 		0.732
v -9.268 		0 		0.732
v -5.537 		-1.484 		0.732
v 2.539 		-9.475 		1.543
v -9.475 		2.539 		1.543
v 0 		-9.81 		1.543
v -6.32 		-1.694 		0.19
v -9.659 		-2.588 		2.5
v -9.475 		-2.539 		3.457
v -9.81 		0 		1.543
v -7.244 		-1.941 		0
v -8.952 		-2.399 		4.268
v -8.952 		-2.399 		0.732
v -4.495 		-2.595 		1.543
v -9.475 		-2.539 		1.543
v -4.964 		-2.866 		0.732
v -5.667 		-3.272 		0.19
v -8.66 		-5 		2.5
v -8.495 		-4.905 		3.457
v -6.495 		-3.75 		0
v -8.169 		-2.189 		0.19
v -8.495 		-4.905 		1.543
v -2.539 		-9.475 		3.457
v -2.588 		-9.659 		2.5
v -2.189 		-8.169 		4.81
v -2.399 		-8.952 		4.268
v -3.75 		-6.495 		5
v -1.941 		-7.244 		5
v -2.399 		-8.952 		0.732
v -2.539 		-9.475 		1.543
v -1.694 		-6.32 		4.81
v -3.272 		-5.667 		4.81
v -5 		-8.66 		2.5
v -4.905 		-8.495 		3.457
v -1.484 		-5.537 		4.268
v -2.866 		-4.964 		4.268
v -4.905 		-8.495 		1.543
v -1.343 		-5.013 		3.457
v -2.595 		-4.495 		3.457
v -1.294 		-4.83 		2.5
v -2.5 		-4.33 		2.5
v -1.343 		-5.013 		1.543
v -2.595 		-4.495 		1.543
v -1.484 		-5.537 		0.732
# 384 vertices

g group_0_40919

usemtl color_40919
s 0

f 4 	5 	6
f 4 	39 	5
f 38 	2 	1
f 10 	13 	11
f 39 	36 	5
f 1 	40 	38
f 4 	6 	14
f 10 	15 	13
f 5 	36 	45
f 11 	13 	17
f 19 	20 	14
f 21 	18 	22
f 14 	6 	19
f 11 	17 	16
f 17 	25 	16
f 22 	18 	23
f 27 	3 	26
f 7 	27 	28
f 7 	3 	27
f 26 	31 	27
f 32 	33 	29
f 31 	35 	27
f 226 	30 	1
f 33 	32 	36
f 35 	28 	27
f 57 	36 	32
f 30 	40 	1
f 31 	58 	35
f 36 	39 	33
f 40 	14 	38
f 28 	35 	37
f 40 	4 	14
f 28 	37 	189
f 38 	43 	2
f 38 	14 	20
f 46 	5 	45
f 37 	59 	61
f 35 	59 	37
f 5 	46 	6
f 49 	48 	51
f 49 	51 	53
f 44 	55 	52
f 44 	50 	55
f 6 	46 	156
f 53 	51 	29
f 6 	156 	19
f 53 	56 	54
f 53 	29 	56
f 22 	57 	32
f 22 	23 	57
f 59 	35 	58
f 45 	36 	57
f 52 	55 	15
f 58 	60 	59
f 52 	15 	10
f 20 	64 	24
f 38 	20 	43
f 20 	19 	64
f 60 	65 	59
f 20 	24 	43
f 63 	62 	11
f 65 	60 	48
f 62 	10 	11
f 59 	65 	61
f 19 	166 	64
f 64 	66 	24
f 63 	11 	16
f 67 	24 	66
f 65 	48 	49
f 69 	66 	64
f 65 	71 	61
f 68 	56 	33
f 56 	29 	33
f 166 	69 	64
f 61 	71 	194
f 68 	72 	224
f 71 	65 	49
f 70 	52 	10
f 49 	73 	71
f 62 	70 	10
f 49 	53 	73
f 68 	39 	72
f 69 	75 	66
f 25 	74 	16
f 73 	53 	54
f 39 	68 	33
f 66 	75 	76
f 54 	234 	73
f 40 	30 	72
f 72 	4 	40
f 66 	76 	67
f 72 	39 	4
f 67 	76 	82
f 74 	83 	78
f 75 	165 	85
f 76 	85 	86
f 84 	83 	25
f 87 	84 	79
f 75 	85 	76
f 196 	81 	80
f 80 	197 	196
f 83 	74 	25
f 76 	86 	82
f 90 	82 	86
f 78 	88 	89
f 78 	83 	88
f 86 	96 	90
f 77 	89 	91
f 87 	93 	84
f 80 	116 	92
f 77 	78 	89
f 85 	94 	86
f 84 	93 	95
f 99 	100 	89
f 86 	94 	96
f 89 	88 	99
f 92 	197 	80
f 15 	97 	98
f 84 	95 	83
f 96 	26 	90
f 98 	13 	15
f 81 	97 	80
f 83 	95 	88
f 96 	101 	103
f 100 	99 	108
f 97 	81 	98
f 100 	108 	110
f 93 	186 	104
f 105 	17 	13
f 94 	101 	96
f 13 	98 	105
f 95 	104 	106
f 91 	89 	100
f 96 	103 	26
f 91 	100 	102
f 93 	104 	95
f 31 	26 	103
f 17 	79 	25
f 79 	17 	105
f 95 	106 	88
f 79 	84 	25
f 88 	106 	99
f 99 	115 	108
f 106 	115 	99
f 102 	110 	111
f 109 	50 	42
f 102 	100 	110
f 110 	113 	118
f 104 	112 	106
f 108 	113 	110
f 50 	109 	116
f 110 	118 	111
f 109 	92 	116
f 116 	55 	50
f 109 	261 	92
f 112 	115 	106
f 15 	55 	97
f 55 	116 	97
f 113 	147 	118
f 51 	48 	117
f 107 	114 	117
f 116 	80 	97
f 115 	120 	121
f 123 	63 	122
f 112 	120 	115
f 48 	107 	117
f 98 	124 	105
f 51 	125 	29
f 115 	121 	108
f 51 	117 	125
f 117 	114 	21
f 113 	108 	121
f 117 	21 	125
f 125 	32 	29
f 12 	139 	157
f 22 	32 	125
f 125 	21 	22
f 2 	43 	127
f 105 	124 	131
f 103 	101 	129
f 105 	131 	79
f 103 	129 	134
f 124 	135 	131
f 134 	136 	143
f 135 	124 	126
f 126 	127 	137
f 129 	136 	134
f 130 	138 	132
f 132 	138 	139
f 136 	179 	34
f 133 	234 	140
f 126 	137 	135
f 31 	134 	58
f 149 	136 	34
f 131 	87 	79
f 131 	135 	142
f 103 	134 	31
f 111 	118 	119
f 111 	119 	193
f 131 	142 	87
f 134 	143 	58
f 58 	143 	60
f 148 	118 	147
f 147 	150 	148
f 34 	41 	149
f 144 	151 	146
f 41 	152 	47
f 149 	41 	114
f 149 	114 	107
f 48 	60 	107
f 136 	149 	143
f 18 	47 	154
f 143 	149 	107
f 148 	119 	118
f 150 	155 	148
f 60 	143 	107
f 151 	153 	146
f 152 	154 	47
f 132 	139 	12
f 160 	156 	46
f 155 	150 	158
f 155 	158 	159
f 158 	163 	159
f 18 	317 	23
f 180 	145 	242
f 145 	256 	242
f 162 	160 	188
f 145 	239 	256
f 159 	163 	164
f 161 	109 	42
f 166 	19 	156
f 164 	163 	42
f 183 	164 	42
f 120 	128 	121
f 156 	168 	166
f 121 	128 	170
f 85 	165 	167
f 119 	148 	169
f 85 	167 	94
f 148 	155 	169
f 128 	133 	170
f 168 	156 	160
f 160 	162 	171
f 167 	268 	172
f 113 	170 	147
f 94 	167 	172
f 160 	171 	168
f 169 	155 	173
f 113 	121 	170
f 101 	94 	172
f 155 	159 	173
f 170 	133 	174
f 170 	174 	147
f 174 	133 	140
f 174 	150 	147
f 166 	168 	176
f 175 	129 	101
f 173 	159 	177
f 178 	140 	145
f 159 	164 	177
f 158 	150 	178
f 172 	175 	101
f 174 	140 	178
f 166 	176 	69
f 185 	176 	168
f 150 	174 	178
f 129 	179 	136
f 177 	164 	181
f 175 	179 	129
f 177 	181 	141
f 158 	180 	163
f 178 	145 	180
f 141 	181 	144
f 181 	151 	144
f 182 	171 	162
f 158 	178 	180
f 181 	183 	151
f 176 	230 	184
f 163 	161 	42
f 176 	185 	230
f 163 	180 	161
f 183 	181 	164
f 176 	184 	69
f 180 	242 	161
f 171 	185 	168
f 183 	44 	151
f 187 	171 	182
f 69 	184 	75
f 7 	28 	186
f 183 	50 	44
f 185 	171 	187
f 184 	165 	75
f 42 	50 	183
f 186 	28 	189
f 102 	111 	190
f 104 	186 	189
f 142 	8 	191
f 104 	189 	112
f 189 	37 	192
f 142 	191 	87
f 190 	111 	193
f 7 	191 	8
f 112 	189 	192
f 87 	191 	93
f 191 	7 	186
f 120 	112 	192
f 191 	186 	93
f 119 	195 	193
f 194 	128 	120
f 193 	195 	262
f 192 	37 	61
f 195 	119 	169
f 197 	1 	2
f 192 	61 	194
f 197 	2 	196
f 192 	194 	120
f 98 	81 	124
f 169 	173 	198
f 81 	196 	126
f 128 	199 	133
f 194 	71 	199
f 195 	169 	198
f 73 	199 	71
f 81 	126 	124
f 196 	127 	126
f 194 	199 	128
f 127 	196 	2
f 199 	234 	133
f 200 	198 	173
f 173 	177 	200
f 200 	177 	141
f 153 	151 	44
f 200 	141 	279
f 214 	153 	70
f 153 	44 	52
f 153 	52 	70
f 214 	70 	217
f 54 	56 	202
f 316 	203 	201
f 122 	206 	203
f 62 	217 	70
f 122 	63 	206
f 16 	206 	63
f 201 	211 	210
f 207 	209 	296
f 302 	144 	146
f 201 	203 	211
f 146 	214 	208
f 203 	206 	215
f 214 	212 	208
f 153 	214 	146
f 203 	215 	211
f 209 	213 	305
f 9 	12 	216
f 206 	74 	215
f 16 	74 	206
f 212 	214 	217
f 210 	211 	218
f 216 	12 	294
f 216 	294 	356
f 77 	218 	211
f 62 	123 	217
f 223 	220 	219
f 222 	187 	182
f 223 	219 	250
f 202 	56 	68
f 68 	224 	202
f 261 	226 	92
f 139 	225 	157
f 226 	261 	204
f 187 	222 	227
f 204 	224 	30
f 220 	223 	229
f 187 	227 	228
f 224 	72 	30
f 220 	229 	231
f 139 	338 	225
f 204 	30 	226
f 185 	187 	228
f 46 	45 	188
f 226 	1 	197
f 185 	228 	230
f 188 	45 	232
f 221 	236 	233
f 199 	73 	234
f 334 	233 	235
f 237 	238 	228
f 46 	188 	160
f 228 	227 	237
f 54 	239 	234
f 239 	54 	202
f 140 	239 	145
f 210 	236 	221
f 140 	234 	239
f 184 	240 	165
f 210 	218 	236
f 230 	228 	238
f 222 	220 	231
f 215 	77 	211
f 236 	218 	246
f 74 	78 	215
f 236 	246 	244
f 215 	78 	77
f 218 	91 	246
f 236 	244 	233
f 231 	227 	222
f 218 	77 	91
f 233 	244 	247
f 91 	102 	246
f 281 	205 	229
f 229 	205 	248
f 244 	253 	247
f 235 	233 	247
f 231 	248 	249
f 246 	102 	190
f 231 	229 	248
f 244 	246 	190
f 247 	251 	235
f 241 	252 	250
f 227 	231 	249
f 243 	252 	241
f 122 	315 	123
f 244 	190 	253
f 243 	245 	254
f 123 	62 	63
f 249 	237 	227
f 190 	193 	253
f 247 	253 	255
f 230 	238 	240
f 243 	254 	252
f 240 	184 	230
f 249 	298 	237
f 251 	247 	255
f 255 	257 	251
f 240 	238 	259
f 238 	237 	258
f 255 	253 	262
f 238 	258 	259
f 57 	23 	232
f 239 	202 	256
f 260 	240 	259
f 109 	161 	261
f 57 	232 	45
f 253 	193 	262
f 161 	242 	261
f 259 	263 	265
f 258 	263 	259
f 242 	256 	204
f 256 	224 	204
f 256 	202 	224
f 165 	260 	167
f 262 	195 	269
f 114 	47 	21
f 242 	204 	261
f 240 	260 	165
f 262 	269 	264
f 257 	264 	266
f 250 	252 	267
f 255 	262 	264
f 255 	264 	257
f 198 	269 	195
f 264 	269 	270
f 260 	259 	265
f 260 	265 	268
f 92 	226 	197
f 260 	268 	167
f 271 	137 	127
f 264 	270 	266
f 41 	47 	114
f 266 	270 	273
f 271 	127 	43
f 250 	267 	223
f 271 	43 	24
f 268 	272 	172
f 135 	274 	142
f 252 	367 	267
f 272 	175 	172
f 137 	274 	135
f 270 	278 	273
f 137 	271 	275
f 269 	198 	276
f 198 	200 	276
f 272 	277 	175
f 270 	269 	276
f 252 	254 	367
f 175 	277 	179
f 274 	137 	275
f 267 	372 	281
f 278 	279 	286
f 67 	275 	271
f 276 	200 	279
f 267 	367 	372
f 277 	280 	179
f 276 	279 	278
f 223 	267 	281
f 179 	280 	34
f 223 	281 	229
f 24 	67 	271
f 273 	278 	282
f 270 	276 	278
f 280 	283 	34
f 275 	67 	82
f 34 	283 	41
f 152 	41 	283
f 275 	82 	284
f 279 	141 	290
f 283 	287 	152
f 275 	284 	274
f 374 	285 	288
f 278 	286 	282
f 245 	243 	285
f 285 	374 	245
f 274 	284 	8
f 287 	342 	339
f 290 	286 	279
f 287 	337 	342
f 282 	286 	289
f 274 	8 	142
f 263 	291 	265
f 284 	90 	3
f 141 	144 	290
f 292 	265 	291
f 82 	90 	284
f 291 	293 	292
f 90 	26 	3
f 284 	3 	8
f 292 	272 	268
f 8 	3 	7
f 286 	290 	295
f 248 	205 	207
f 286 	295 	289
f 248 	207 	296
f 294 	12 	157
f 265 	292 	268
f 293 	297 	292
f 249 	248 	296
f 249 	296 	298
f 292 	297 	272
f 289 	295 	130
f 296 	209 	305
f 277 	272 	297
f 290 	144 	302
f 296 	305 	298
f 294 	157 	299
f 298 	258 	237
f 277 	301 	280
f 297 	293 	300
f 295 	302 	304
f 297 	300 	301
f 298 	305 	306
f 290 	302 	295
f 297 	301 	277
f 300 	308 	301
f 305 	213 	354
f 301 	308 	309
f 138 	130 	304
f 354 	306 	305
f 301 	309 	280
f 298 	306 	258
f 280 	309 	283
f 263 	258 	306
f 283 	309 	287
f 295 	304 	130
f 299 	318 	307
f 308 	337 	309
f 304 	310 	138
f 287 	309 	337
f 302 	208 	304
f 306 	314 	263
f 307 	325 	303
f 313 	232 	312
f 302 	146 	208
f 304 	208 	310
f 232 	23 	312
f 303 	325 	311
f 232 	313 	188
f 313 	312 	324
f 208 	212 	310
f 21 	47 	18
f 162 	188 	313
f 122 	316 	315
f 18 	154 	317
f 322 	316 	201
f 316 	122 	203
f 312 	23 	317
f 322 	201 	328
f 318 	299 	157
f 326 	312 	317
f 201 	210 	328
f 212 	217 	319
f 315 	344 	319
f 319 	217 	123
f 319 	123 	315
f 320 	321 	322
f 320 	346 	321
f 322 	323 	320
f 157 	225 	318
f 315 	316 	321
f 312 	326 	324
f 326 	327 	324
f 307 	331 	325
f 316 	322 	321
f 328 	329 	323
f 326 	330 	327
f 323 	322 	328
f 313 	332 	162
f 313 	324 	332
f 324 	327 	333
f 307 	318 	331
f 324 	333 	332
f 329 	221 	334
f 332 	182 	162
f 332 	333 	335
f 221 	329 	328
f 332 	335 	182
f 210 	221 	328
f 222 	182 	335
f 334 	221 	233
f 311 	325 	336
f 152 	287 	339
f 331 	377 	325
f 310 	338 	138
f 310 	340 	338
f 314 	291 	263
f 339 	154 	152
f 338 	340 	341
f 325 	377 	336
f 340 	310 	212
f 341 	340 	344
f 314 	343 	291
f 154 	339 	345
f 291 	343 	293
f 344 	346 	341
f 340 	319 	344
f 330 	348 	349
f 154 	345 	317
f 340 	212 	319
f 300 	293 	347
f 321 	346 	344
f 315 	321 	344
f 345 	339 	350
f 343 	347 	293
f 330 	349 	327
f 350 	339 	342
f 348 	355 	358
f 326 	317 	345
f 352 	333 	327
f 327 	349 	352
f 308 	300 	351
f 333 	219 	335
f 330 	345 	350
f 219 	333 	352
f 345 	330 	326
f 352 	250 	219
f 335 	219 	220
f 347 	351 	300
f 222 	335 	220
f 337 	353 	342
f 213 	216 	354
f 342 	353 	355
f 362 	355 	353
f 306 	354 	314
f 356 	354 	216
f 355 	350 	342
f 343 	314 	356
f 330 	350 	348
f 350 	355 	348
f 354 	356 	314
f 356 	294 	357
f 359 	348 	358
f 285 	359 	358
f 356 	357 	343
f 343 	357 	347
f 348 	359 	349
f 294 	299 	357
f 307 	360 	299
f 358 	288 	285
f 347 	360 	351
f 357 	299 	360
f 241 	349 	359
f 349 	241 	352
f 285 	243 	359
f 357 	360 	347
f 308 	361 	337
f 359 	243 	241
f 351 	361 	308
f 241 	250 	352
f 360 	303 	351
f 362 	353 	311
f 311 	336 	362
f 361 	351 	303
f 358 	355 	362
f 362 	336 	288
f 360 	307 	303
f 362 	288 	358
f 361 	353 	337
f 311 	353 	361
f 303 	311 	361
f 364 	323 	363
f 254 	245 	365
f 364 	320 	323
f 374 	363 	366
f 363 	323 	329
f 363 	329 	366
f 366 	365 	245
f 366 	329 	334
f 254 	365 	368
f 366 	334 	365
f 254 	368 	367
f 139 	138 	338
f 225 	369 	318
f 368 	365 	235
f 369 	331 	318
f 365 	334 	235
f 369 	225 	341
f 225 	338 	341
f 251 	368 	235
f 368 	251 	371
f 369 	346 	370
f 346 	369 	341
f 367 	371 	372
f 367 	368 	371
f 370 	346 	320
f 370 	320 	364
f 288 	373 	374
f 371 	257 	375
f 288 	336 	373
f 336 	377 	373
f 371 	251 	257
f 374 	373 	363
f 364 	363 	373
f 374 	366 	245
f 376 	205 	281
f 372 	371 	375
f 372 	375 	376
f 376 	375 	378
f 331 	370 	377
f 281 	372 	376
f 370 	331 	369
f 376 	379 	205
f 377 	370 	364
f 375 	257 	266
f 373 	377 	364
f 266 	273 	378
f 379 	376 	378
f 375 	266 	378
f 378 	273 	380
f 379 	207 	205
f 380 	273 	282
f 207 	381 	209
f 379 	378 	380
f 379 	380 	381
f 379 	381 	207
f 380 	282 	382
f 282 	289 	382
f 382 	383 	381
f 381 	380 	382
f 289 	384 	382
f 382 	384 	383
f 384 	289 	130
f 209 	381 	383
f 384 	130 	132
f 209 	383 	213
f 384 	9 	383
f 9 	384 	132
f 383 	9 	213
f 216 	213 	9
f 9 	132 	12
# 768 faces

 #end of obj_0

